40
32
33129
66208
132384
264738
529440
1058848
2117676
329406126690926600
329406006436036608
329405044371750912
329397347807133696
329335775189532672
328843194047397888
324902544507666432
293377347384508416
41175768788631560
33121
2117668
329406126690926592
41175768788631552
33145
99297
165217
297827
562529
1091937
2150765
329406143870828553
329406143875022849
329406143883411457
329397347807166465
329335775189565441
328843194047430657
324902544507699201
293377347384541185
41175768788664329
66224
198560
330402
595616
1125024
2183844
329406126690992128
329406143875055616
329406143883444224
329406143900221440
329335775189598208
328843194047463424
324902544507731968
293377347384573952
41175768788697088
132400
397090
660768
1191200
2250020
329406126691057664
329406006436167680
329406143883509760
329406143900286976
329406143933841408
328843194047528960
324902544507797504
293377347384639488
41175768788762624
264754
794146
1321506
2382374
329406126691188738
329406006436298754
329405044372013058
329406143900418050
329406143933972482
329406144001081346
324902544507928578
293377347384770562
41175768788893698
529456
1588256
2642980
329406126691450880
329406006436560896
329405044372275200
329397347807657984
329406143934234624
329406144001343488
329406144135561216
293377347385032704
41175768789155840
1058864
3176484
329406126691975168
329406006437085184
329405044372799488
329397347808182272
329335775190581248
329406144001867776
329406144136085504
329406144404520960
41175768789680128
2117692
329406126693023756
329406006438133764
329405044373848068
329397347809230852
329335775191629828
328843194049495044
329406144137134084
329406144405569540
329406144942440460
658812133126963200
658811171062677504
658803474498060288
658741901880459264
658249320738324480
654308671198593024
622783474075435008
370581895479558152
658811050807787520
658803354243170304
658741781625569280
658249200483434496
654308550943703040
622783353820545024
370581775224668160
658802392178884608
658740819561283584
658248238419148800
654307588879417344
622782391756259328
370580813160382464
658733122996666368
658240541854531584
654299892314800128
622774695191642112
370573116595765248
658178969236930560
654238319697199104
622713122574041088
370511543978164224
653745738555064320
622220541431906304
370018962836029440
618279891892174848
366078313296297984
334553116173139968
329406143904448513
99313
33137
2150757
329406143870828545
41175768788664321
329406143942295552
198576
2117684
329406126693023748
329406144942440452
370581895479558144
329406144017989634
397106
329406144169377794
794162
329406144472154112
1588272
329406145077706756
3176500
988217177469354361
1009
1393
2931
5489
10609
20861
329397347773579281
329335775122423825
328843193913180177
324902544239230993
293377346847637521
41175767714889753
2017
3043
6113
11233
21477
329406143866601473
329335775122423809
328843193913180161
324902544239230977
293377346847637505
41175767714889729
3939
5473
11617
21861
8035
11107
23399
329406143866601475
324902544239230979
293377346847637507
41175767714889731
15713
329397347773579265
31077
329406143866601485
329406143866601477
329397347773579269
329335775122423813
328843193913180165
658812287733202945
658803491640180737
658741918989025281
658249337779781633
654308688105832449
622783490714238977
370581911581491209
370581911581491201
658733122896003073
658240541686759425
654299892012810241
622774694621216769
370573115488468993
658178969035603969
654238319361654785
622713121970061313
370511542837313537
653745738152411137
622220540760817665
370018961628069889
618279891086868481
366078311954120705
334553114562527233
988208398556201648
1968
2738
5808
10928
21172
329406126686732304
329335775122423824
328843193913180176
324902544239230992
293377346847637520
41175767714889744
4002
6048
12192
22436
329406126686732288
329406143866601472
328843193913180160
324902544239230976
293377346847637504
41175767714889728
7842
10914
23206
329406126686732290
329406143866601474
324902544239230978
293377346847637506
41175767714889730
16032
22180
31396
329335775122423808
329406126686732292
329406143866601476
329335775122423812
328843193913180164
658812270553333760
658741901809156096
658249320599912448
654308670925963264
622783473534369792
370581894401622016
658812287733202944
658741918989025280
658249337779781632
654308688105832448
622783490714238976
370581911581491200
658178969035603968
654238319361654784
622713121970061312
370511542837313536
653745738152411136
622220540760817664
370018961628069888
618279891086868480
366078311954120704
334553114562527232
988138167250978096
3890
5424
11568
21812
329406006427648016
7970
12066
24358
329406006427648002
15648
21796
329406006427648000
32036
329406006427648004
658812133114380288
658812150294249472
658249200340828160
654308550666878976
622783353275285504
370581774142537728
987576316809185842
7730
10802
23094
329406126686732306
329406006427648018
329405044354973714
324902544239230994
293377346847637522
41175767714889746
15906
24102
329405044354973698
31270
329406126686732294
329406006427648006
329405044354973702
329406143866601478
658812133114380290
658811171041705986
658812270553333762
654308670925963266
622783473534369794
370581894401622018
658811050782621698
658812150294249474
654308550666878978
622783353275285506
370581774142537730
658811188221575170
654307588594204674
622782391202611202
370580812069863426
658812287733202946
654308688105832450
622783490714238978
370581911581491202
618279891086868482
366078311954120706
334553114562527234
983081513274840112
15408
21556
329405044354973712
329397347773579280
31780
329405044354973696
329397347773579264
329405044354973700
329397347773579268
658811171041705984
658803474460311552
658811050782621696
658803354201227264
658802392128552960
658811188221575168
622782391202611200
370580812069863424
658803491640180736
622774694621216768
370573115488468992
947123085000058928
30772
658741781550071808
658740819477397504
658733122896003072
659455658801778748
329406126686732316
329406006427648020
329405044354973716
329397347773579284
329335775122423828
328843193913180180
658812133114380292
658811171041705988
658803474460311556
658741901809156100
658249320599912452
658812270553333764
658812270553333772
658811050782621700
658803354201227268
658741781550071812
658249200340828164
658812150294249476
658802392128552964
658740819477397508
658248238268153860
658811188221575172
658733122896003076
658240541686759428
658803491640180740
658178969035603972
658741918989025284
658249337779781636
658812287733202948
988209480887959552
988147908236804096
987655327027560448
983714677353611264
952189479962017792
699987900829270016
988208518815285248
988146946164129792
987654364954886144
983713715280936960
952188517889343488
699986938756595712
988139249582735360
987646668373491712
983706018699542528
952180821307949056
699979242175201280
987585095722336256
983644446048387072
952119248656793600
699917669524045824
983151864839143424
951626667447549952
699425088314802176
947686017773600768
695484438640852992
663959241249259520
988146825905045504
987654244695801856
983713595021852672
952188397630259200
699986818497511424
988139129323651072
987646548114407424
983705898440458240
952180701048864768
699979121916116992
987584975463251968
983644325789302784
952119128397709312
699917549264961536
983151744580059136
951626547188465664
699424968055717888
947685897514516480
695484318381768704
663959120990175232
987645586041733120
983704936367783936
952179738976190464
699978159843442688
987584013390577664
983643363716628480
952118166325035008
699916587192287232
983150782507384832
951625585115791360
699424005983043584
947684935441842176
695483356309094400
663958158917500928
983635667135234048
952110469743640576
699908890610892800
983143085925990400
951617888534396928
699416309401649152
947677238860447744
695475659727699968
663950462336106496
951556315883241472
699354736750493696
947615666209292288
695414087076544512
663888889684951040
694921505867300864
663396308475707392
329406143866601489
988217177469354993
988208398556201969
2033
3059
6129
11249
21493
41175767714889745
20853
329406143866601488
988208398556202928
988138167250978736
4018
6064
12208
22452
659455658801778740
329406126686732308
3955
329406143866601490
988138167250980658
987576316809187122
7986
12082
24374
8051
7858
987576316809190962
983081513274842674
15922
24118
988217177469354353
15729
16048
15664
983081513274850352
947123085000064048
31796
31093
31412
32052
31286
329406143866601492
947123085000079412
659455658801788980
988218431599804793
988218414419936241
988218276980983153
988217177469356915
988217177469359473
988217177469364593
988217177469374845
1317614525242933265
1317552952591777809
1317060371382534161
1313119721708584977
1281594524316991505
1029392945184243737
11633
21877
11123
23415
329406143866601491
324902544239230995
293377346847637523
41175767714889747
329397347773579285
329335775122423829
328843193913180181
329406143866601493
329406143866601501
658733122896003089
658240541686759441
654299892012810257
622774694621216785
370573115488469009
658178969035603985
654238319361654801
622713121970061329
370511542837313553
653745738152411153
622220540760817681
370018961628069905
618279891086868497
366078311954120721
334553114562527249
988209635506783217
4067
12257
22501
8163
11235
23527
16353
31717
988139266762605937
12131
24423
32101
987576316809186163
16227
31591
329406143866601479
658812287733202947
654308688105832451
622783490714238979
370581911581491203
618279891086868483
366078311954120707
334553114562527235
983081513274840433
947123085000059249
659455658801779069
658812287733202949
658803491640180741
658741918989025285
658249337779781637
658812287733202957
658733122896003077
658240541686759429
658178969035603973
988209635506782209
988148062855626753
987655481646383105
983714831972433921
952189634580840449
699988055448092673
988139266762604545
987646685553360897
983706035879411713
952180838487818241
699979259355070465
987585112902205441
983644463228256257
952119265836662785
699917686703915009
983151882019012609
951626684627419137
699425105494671361
947686034953469953
695484455820722177
663959258429128705
983635667135234049
952110469743640577
699908890610892801
983143085925990401
951617888534396929
699416309401649153
947677238860447745
695475659727699969
663950462336106497
951556315883241473
699354736750493697
947615666209292289
695414087076544513
663888889684951041
694921505867300865
663396308475707393
988218431599805104
988218294160852912
988217194649225906
988208398556206768
988208398556211888
988208398556222132
1317544173678624784
1317051592469381136
1313110942795431952
1281585745403838480
1029384166271090704
10930
23222
22196
658741901809156112
658249320599912464
654308670925963280
622783473534369808
370581894401622032
658178969035603984
654238319361654800
622713121970061328
370511542837313552
653745738152411152
622220540760817680
370018961628069904
618279891086868496
366078311954120720
334553114562527248
988148062855628720
8098
12194
24486
16288
32676
987585112902208178
16034
24230
31398
983081513274840752
32420
947123085000059568
659455658801779380
988218414419935232
988148045675757568
987655464466513920
983714814792564736
952189617400971264
699988038268223488
988148062855626752
987655481646383104
983714831972433920
952189634580840448
699988055448092672
987585112902205440
983644463228256256
952119265836662784
699917686703915008
983151882019012608
951626684627419136
699425105494671360
947686034953469952
695484455820722176
663959258429128704
988218431599805744
988217332088180530
988208535995159856
988138167250988336
988138167250998580
1317544293937709072
1316981361164156946
1313040711490207760
1281515514098614288
1029313934965866512
658812133114380304
658249200340828176
654308550666878992
622783353275285520
370581774142537744
987655481646386994
16162
32550
983151882019018032
947123085000060208
659455658801780020
988218276980981760
988218294160850944
987655344207429632
983714694533480448
952189497141886976
699987918009139200
988218431599807026
988209635506789938
988139266762615346
987576316809206326
1316982443495915538
1316982323236831250
1312478861048414226
1280953663656820754
1028752084524072978
329406126686732310
329406006427648022
329405044354973718
329406143866601494
658812133114380306
658811171041706002
654308670925963282
622783473534369810
370581894401622034
658811050782621714
654308550666878994
622783353275285522
370581774142537746
654307588594204690
622782391202611218
370580812069863442
618279891086868498
366078311954120722
334553114562527250
983714831972441650
32294
947686034953480754
659455658801781302
658812133114380294
658811171041705990
658812270553333766
658811050782621702
658812150294249478
658811188221575174
658812287733202950
988218276980981762
983714677353611266
952189479962017794
699987900829270018
988217314908307458
983713715280936962
952188517889343490
699986938756595714
988218414419935234
983714814792564738
952189617400971266
699988038268223490
947686017773600770
695484438640852994
663959241249259522
988217194649223170
983713595021852674
952188397630259202
699986818497511426
988218294160850946
983714694533480450
952189497141886978
699987918009139202
947685897514516482
695484318381768706
663959120990175234
988217332088176642
983713732460806146
952188535069212674
699986955936464898
947684935441842178
695483356309094402
663958158917500930
983714831972433922
952189634580840450
699988055448092674
947686034953469954
695484455820722178
663959258429128706
988218431599809584
988148062855642160
987585112902226996
1312487639961567248
1312487519702482960
1312486557629808656
1276458860122472464
1024257280989724688
658811171041706000
658803474460311568
658811050782621712
658803354201227280
658802392128552976
622782391202611216
370580812069863440
622774694621216784
370573115488469008
952189634580855856
663959258429150260
988217314908307456
988209618326913024
988217194649223168
988209498067828736
988208535995154432
988217332088176640
952188535069212672
699986955936464896
988209635506782208
952180838487818240
699979259355070464
988218431599814704
987655481646413876
1276529211686780944
1276529091427696656
1276528129355022352
1276520432773627920
988298852714938388
658741781550071824
658740819477397520
658733122896003088
699988055448123444
988147925416673280
988146963343998976
988139266762604544
988218431599824956
988861785488490524
988861665229406228
988860703156731924
988853006575337492
988791433924182036
658812133114380308
658811171041706004
658803474460311572
658741901809156116
658249320599912468
658811050782621716
658803354201227284
658741781550071828
658249200340828180
658802392128552980
658740819477397524
658248238268153876
658733122896003092
658240541686759444
658178969035603988
988209480887959556
988147908236804100
987655327027560452
988218276980981764
988208518815285252
988146946164129796
987654364954886148
988217314908307460
988139249582735364
987646668373491716
988209618326913028
987585095722336260
988148045675757572
987655464466513924
988218414419935236
988146825905045508
987654244695801860
988217194649223172
988139129323651076
987646548114407428
988209498067828740
987584975463251972
988147925416673284
987655344207429636
988218294160850948
987645586041733124
988208535995154436
987584013390577668
988146963343998980
987654382134755332
988217332088176644
988139266762604548
987646685553360900
988209635506782212
987585112902205444
988148062855626756
987655481646383108
1317545256010383360
1317052674801139712
1313112025127190528
1281586827735597056
1029385248602849280
1316991102149984256
1313050452476035072
1281525255084441600
1029323675951693824
1312557871266791424
1281032673875197952
1028831094742450176
1277092024201248768
1024890445068500992
993365247676907520
1317051712728465408
1313111063054516224
1281585865662922752
1029384286530174976
1316990140077309952
1313049490403360768
1281524293011767296
1029322713879019520
1312556909194117120
1281031711802523648
1028830132669775872
1277091062128574464
1024889482995826688
993364285604233216
1313041793821966336
1281516596430372864
1029315017297625088
1312549212612722688
1281024015221129216
1028822436088381440
1277083365547180032
1024881786414432256
993356589022838784
1280962442569973760
1028760863437225984
1277021792896024576
1024820213763276800
993295016371683328
1024327632554033152
992802435162439680
1316990019818225664
1313049370144276480
1281524172752683008
1029322593619935232
1312556788935032832
1281031591543439360
1028830012410691584
1277090941869490176
1024889362736742400
993364165345148928
1313041673562882048
1281516476171288576
1029314897038540800
1312549092353638400
1281023894962044928
1028822315829297152
1277083245288095744
1024881666155347968
993356468763754496
1280962322310889472
1028760743178141696
1277021672636940288
1024820093504192512
993294896112599040
1024327512294948864
992802314903355392
1312548130280964096
1281022932889370624
1028821353756622848
1277082283215421440
1024880704082673664
993355506691080192
1280961360238215168
1028759781105467392
1277020710564265984
1024819131431518208
993293934039924736
1024326550222274560
992801352830681088
1277013013982871552
1024811434850123776
993286237458530304
1024318853640880128
992793656249286656
992732083598131200
988218431599805425
658741918989025297
658249337779781649
654308688105832465
622783490714238993
370581911581491217
988218276980983793
988217177469357043
988217177469360113
988217177469365233
988217177469375477
1029392945184243729
988148062855628145
987585112902208371
987585095722344307
988218294160852977
988217194649226227
988208398556207089
988208398556212209
988208398556222453
1317544173678624785
1317051592469381137
1313110942795431953
1281585745403838481
1029384166271090705
4083
12273
22517
8179
11251
23543
16369
31733
983713595021858802
988209635506784241
988139266762606577
659455658801779061
988218431599806384
658812270553333776
658249337779781648
654308688105832464
622783490714238992
370581911581491216
988217194649227186
988208398556207024
988208398556213168
988208398556223412
987655481646385842
983151882019018416
983151744580075184
988218414419936625
988217332088180658
988208535995160496
988138167250988976
988138167250999220
8114
12210
24502
16304
32692
952179738976202672
988218431599824948
988861785488490516
988139266762608499
987576316809187187
12147
24439
988148062855630770
987585112902209458
988218431599808306
658812270553333778
658812150294249490
654308688105832466
622783490714238994
370581911581491218
988208535995162418
988138167250988850
988138167251001142
1317544293937709074
1317544173678624786
1313040711490207762
1281515514098614290
1029313934965866514
983714831972439346
947686034953481522
947684935441874228
988218276980984691
988218294160853682
988209635506790194
988139266762616626
987576316809207606
16178
32566
699908890610917174
987576316809191283
983081513274842995
16243
987585112902213298
983081513274842802
16050
24246
987655481646391090
983151882019020594
988218431599812146
658811188221575186
988139266762620466
987576316809207350
952189634580851250
663959258429151798
988217194649228978
988217332088182066
988148062855642674
987585112902229558
1312487639961567250
1312487519702482962
1312486557629808658
1276458860122472466
1024257280989724690
32310
988218431599804785
988217177469374837
983081513274850673
947123085000064369
32117
983081513274850992
947123085000064688
32436
983151882019028272
947123085000064304
983714831972449842
947686034953485874
988218431599819824
658812150294249488
658811188221575184
658803491640180752
987585112902237236
699988055448114228
988208535995166000
988209635506793010
987655481646414900
31607
947123085000079733
659455658801789301
31414
947123085000080052
659455658801789620
947123085000080692
659455658801790260
947686034953501238
659455658801789494
952189634580872244
663959258429160500
988218431599835188
658812270553333780
658812150294249492
658811188221575188
658803491640180756
658741918989025300
1276529211686780948
1276529091427696660
1276528129355022356
1276520432773627924
1276458860122472468
988139266762627638
988148062855648308
